11111111111111111101010011110011100011100010101010001010000011111110001110000110111110101010011011101101110111100000110101110101
67744706553877466985193610638133488104
FC538D478BBFBAE92DE39
77ED657828A3CFD828A6BC53
-22338170235327863649796
A8E8A44EFC7D8F1AE1B67
-19993122204971502072564182277762613083
11421332408924128
0
0
0
1
0
0
00000000000000000000000000000000000000000000000000000000000000000000000000000000000000000000000000000000000000000000000000000000
1
00000000000000000000000000000000000000000000000000000000000000000000000000000000000000000000000000000000000000000000000000000000
0
00000000000000000000000000000000000000000000000000000000000000000000000000000000000000000000000000000000000000000000000000000000
0
00000000000000000000000000000000000000000000000000000000000000000000000000000000000000000000000000000000000000000000000000000000
00000000000010001110011110110100001111100101000000110100101001011010110111011110010111111100100110100101100001110101100010011110
01101100111101111110001001011010010000101110001001011110010000101111101000111000100101111110001011110101111011111000100000000000
-44246459200
00000000000000000000000000000000000000000000000000000000000000000000000111001010000001101000111010000010111101000000001111100111
11110111110010000010100010110010111011101100101001101001001001111101111111101111101001011010000100001111001000000000000000000000
